Logistic Regression Grid Search — 2026-03-11 13:07:10
Dataset: SST-2  |  Seed: 42  |  max_iter: 500
Total combos: 198

  #       C  solver         ngram   max_feat  sub_tf  train_acc   val_acc  val_prec   val_rec   val_f1  val_loss   time_s
─────────────────────────────────────────────────────────────────────────────────────────────────────────────────────────
  1    0.01  lbfgs            1-1      50000       Y     0.6567    0.6583    0.7297    0.6530   0.6249    0.6321     0.06
  2    0.01  lbfgs            1-1     100000       Y     0.6567    0.6583    0.7297    0.6530   0.6249    0.6321     0.06
  3    0.01  lbfgs            1-1     200000       Y     0.6567    0.6583    0.7297    0.6530   0.6249    0.6321     0.06
  4    0.01  lbfgs            1-2      50000       Y     0.5980    0.6032    0.7328    0.5962   0.5311    0.6516     0.11
  5    0.01  lbfgs            1-2     100000       Y     0.5901    0.5883    0.7253    0.5810   0.5054    0.6555     0.14
  6    0.01  lbfgs            1-2     200000       Y     0.5901    0.5883    0.7253    0.5810   0.5054    0.6555     0.15
  7    0.01  lbfgs            1-3      50000       Y     0.5969    0.6032    0.7290    0.5963   0.5321    0.6512     0.11
  8    0.01  lbfgs            1-3     100000       Y     0.5743    0.5700    0.7316    0.5621   0.4685    0.6586     0.18
  9    0.01  lbfgs            1-3     200000       Y     0.5677    0.5539    0.7241    0.5457   0.4373    0.6631     0.22
 10    0.01  liblinear        1-1      50000       Y     0.6575    0.6594    0.7305    0.6542   0.6264    0.6320     0.07
 11    0.01  liblinear        1-1     100000       Y     0.6575    0.6594    0.7305    0.6542   0.6264    0.6320     0.07
 12    0.01  liblinear        1-1     200000       Y     0.6575    0.6594    0.7305    0.6542   0.6264    0.6320     0.07
 13    0.01  liblinear        1-2      50000       Y     0.5984    0.6044    0.7336    0.5974   0.5329    0.6516     0.11
 14    0.01  liblinear        1-2     100000       Y     0.5904    0.5894    0.7263    0.5822   0.5073    0.6555     0.11
 15    0.01  liblinear        1-2     200000       Y     0.5904    0.5894    0.7263    0.5822   0.5073    0.6555     0.11
 16    0.01  liblinear        1-3      50000       Y     0.5975    0.6067    0.7316    0.5998   0.5376    0.6511     0.11
 17    0.01  liblinear        1-3     100000       Y     0.5746    0.5700    0.7316    0.5621   0.4685    0.6585     0.14
 18    0.01  liblinear        1-3     200000       Y     0.5679    0.5539    0.7241    0.5457   0.4373    0.6630     0.18
 19    0.05  lbfgs            1-1      50000       Y     0.8038    0.7638    0.7756    0.7618   0.7602    0.5410     0.17
 20    0.05  lbfgs            1-1     100000       Y     0.8038    0.7638    0.7756    0.7618   0.7602    0.5410     0.17
 21    0.05  lbfgs            1-1     200000       Y     0.8038    0.7638    0.7756    0.7618   0.7602    0.5410     0.17
 22    0.05  lbfgs            1-2      50000       Y     0.7921    0.7569    0.7701    0.7548   0.7528    0.5654     0.15
 23    0.05  lbfgs            1-2     100000       Y     0.7847    0.7557    0.7750    0.7532   0.7501    0.5729     0.21
 24    0.05  lbfgs            1-2     200000       Y     0.7847    0.7557    0.7750    0.7532   0.7501    0.5729     0.22
 25    0.05  lbfgs            1-3      50000       Y     0.7989    0.7603    0.7717    0.7584   0.7568    0.5643     0.15
 26    0.05  lbfgs            1-3     100000       Y     0.7835    0.7569    0.7752    0.7544   0.7515    0.5766     0.30
 27    0.05  lbfgs            1-3     200000       Y     0.7703    0.7454    0.7687    0.7426   0.7383    0.5857     0.39
 28    0.05  liblinear        1-1      50000       Y     0.8036    0.7626    0.7747    0.7606   0.7590    0.5412     0.09
 29    0.05  liblinear        1-1     100000       Y     0.8036    0.7626    0.7747    0.7606   0.7590    0.5412     0.09
 30    0.05  liblinear        1-1     200000       Y     0.8036    0.7626    0.7747    0.7606   0.7590    0.5412     0.10
 31    0.05  liblinear        1-2      50000       Y     0.7940    0.7569    0.7713    0.7547   0.7525    0.5655     0.23
 32    0.05  liblinear        1-2     100000       Y     0.7855    0.7569    0.7766    0.7544   0.7512    0.5728     0.20
 33    0.05  liblinear        1-2     200000       Y     0.7855    0.7569    0.7766    0.7544   0.7512    0.5728     0.17
 34    0.05  liblinear        1-3      50000       Y     0.8004    0.7638    0.7756    0.7618   0.7602    0.5644     0.16
 35    0.05  liblinear        1-3     100000       Y     0.7837    0.7580    0.7768    0.7556   0.7526    0.5766     0.19
 36    0.05  liblinear        1-3     200000       Y     0.7707    0.7477    0.7721    0.7449   0.7404    0.5857     0.20
 37    0.10  lbfgs            1-1      50000       Y     0.8471    0.7970    0.8032    0.7957   0.7954    0.4980     0.21
 38    0.10  lbfgs            1-1     100000       Y     0.8471    0.7970    0.8032    0.7957   0.7954    0.4980     0.21
 39    0.10  lbfgs            1-1     200000       Y     0.8471    0.7970    0.8032    0.7957   0.7954    0.4980     0.21
 40    0.10  lbfgs            1-2      50000       Y     0.8530    0.7787    0.7847    0.7773   0.7768    0.5179     0.28
 41    0.10  lbfgs            1-2     100000       Y     0.8505    0.7741    0.7826    0.7724   0.7716    0.5255     0.37
 42    0.10  lbfgs            1-2     200000       Y     0.8505    0.7741    0.7826    0.7724   0.7716    0.5255     0.37
 43    0.10  lbfgs            1-3      50000       Y     0.8570    0.7833    0.7903    0.7818   0.7813    0.5173     0.22
 44    0.10  lbfgs            1-3     100000       Y     0.8546    0.7695    0.7765    0.7680   0.7673    0.5281     0.24
 45    0.10  lbfgs            1-3     200000       Y     0.8499    0.7661    0.7749    0.7643   0.7633    0.5378     0.43
 46    0.10  liblinear        1-1      50000       Y     0.8471    0.7947    0.8000    0.7935   0.7933    0.4978     0.11
 47    0.10  liblinear        1-1     100000       Y     0.8471    0.7947    0.8000    0.7935   0.7933    0.4978     0.11
 48    0.10  liblinear        1-1     200000       Y     0.8471    0.7947    0.8000    0.7935   0.7933    0.4978     0.11
 49    0.10  liblinear        1-2      50000       Y     0.8537    0.7775    0.7837    0.7761   0.7756    0.5179     0.20
 50    0.10  liblinear        1-2     100000       Y     0.8509    0.7764    0.7850    0.7747   0.7739    0.5256     0.19
 51    0.10  liblinear        1-2     200000       Y     0.8509    0.7764    0.7850    0.7747   0.7739    0.5256     0.18
 52    0.10  liblinear        1-3      50000       Y     0.8583    0.7856    0.7914    0.7842   0.7839    0.5168     0.18
 53    0.10  liblinear        1-3     100000       Y     0.8566    0.7695    0.7778    0.7678   0.7670    0.5283     0.20
 54    0.10  liblinear        1-3     200000       Y     0.8518    0.7661    0.7759    0.7643   0.7631    0.5379     0.24
 55    0.20  lbfgs            1-1      50000       Y     0.8813    0.8016    0.8053    0.8005   0.8006    0.4585     0.28
 56    0.20  lbfgs            1-1     100000       Y     0.8813    0.8016    0.8053    0.8005   0.8006    0.4585     0.29
 57    0.20  lbfgs            1-1     200000       Y     0.8813    0.8016    0.8053    0.8005   0.8006    0.4585     0.28
 58    0.20  lbfgs            1-2      50000       Y     0.8966    0.8039    0.8070    0.8029   0.8030    0.4720     0.33
 59    0.20  lbfgs            1-2     100000       Y     0.8990    0.8039    0.8070    0.8029   0.8030    0.4793     0.33
 60    0.20  lbfgs            1-2     200000       Y     0.8990    0.8039    0.8070    0.8029   0.8030    0.4793     0.34
 61    0.20  lbfgs            1-3      50000       Y     0.8934    0.8062    0.8085    0.8053   0.8055    0.4714     0.38
 62    0.20  lbfgs            1-3     100000       Y     0.9032    0.8016    0.8047    0.8006   0.8007    0.4810     0.50
 63    0.20  lbfgs            1-3     200000       Y     0.9051    0.7901    0.7943    0.7890   0.7889    0.4896     0.62
 64    0.20  liblinear        1-1      50000       Y     0.8814    0.8028    0.8063    0.8017   0.8018    0.4586     0.11
 65    0.20  liblinear        1-1     100000       Y     0.8814    0.8028    0.8063    0.8017   0.8018    0.4586     0.12
 66    0.20  liblinear        1-1     200000       Y     0.8814    0.8028    0.8063    0.8017   0.8018    0.4586     0.11
 67    0.20  liblinear        1-2      50000       Y     0.8978    0.8016    0.8047    0.8006   0.8007    0.4723     0.21
 68    0.20  liblinear        1-2     100000       Y     0.8999    0.8039    0.8080    0.8028   0.8028    0.4795     0.24
 69    0.20  liblinear        1-2     200000       Y     0.8999    0.8039    0.8080    0.8028   0.8028    0.4795     0.23
 70    0.20  liblinear        1-3      50000       Y     0.8937    0.8039    0.8065    0.8030   0.8031    0.4714     0.23
 71    0.20  liblinear        1-3     100000       Y     0.9036    0.8016    0.8047    0.8006   0.8007    0.4807     0.22
 72    0.20  liblinear        1-3     200000       Y     0.9053    0.7901    0.7943    0.7890   0.7889    0.4896     0.30
 73    0.30  lbfgs            1-1      50000       Y     0.8950    0.8108    0.8146    0.8097   0.8098    0.4391     0.17
 74    0.30  lbfgs            1-1     100000       Y     0.8950    0.8108    0.8146    0.8097   0.8098    0.4391     0.17
 75    0.30  lbfgs            1-1     200000       Y     0.8950    0.8108    0.8146    0.8097   0.8098    0.4391     0.17
 76    0.30  lbfgs            1-2      50000       Y     0.9135    0.8108    0.8132    0.8099   0.8101    0.4489     0.36
 77    0.30  lbfgs            1-2     100000       Y     0.9164    0.8073    0.8113    0.8063   0.8063    0.4545     0.30
 78    0.30  lbfgs            1-2     200000       Y     0.9164    0.8073    0.8113    0.8063   0.8063    0.4545     0.29
 79    0.30  lbfgs            1-3      50000       Y     0.9072    0.8142    0.8160    0.8135   0.8137    0.4477     0.32
 80    0.30  lbfgs            1-3     100000       Y     0.9213    0.8119    0.8142    0.8111   0.8113    0.4546     0.42
 81    0.30  lbfgs            1-3     200000       Y     0.9257    0.8028    0.8054    0.8018   0.8019    0.4636     0.66
 82    0.30  liblinear        1-1      50000       Y     0.8962    0.8119    0.8163    0.8108   0.8108    0.4391     0.12
 83    0.30  liblinear        1-1     100000       Y     0.8962    0.8119    0.8163    0.8108   0.8108    0.4391     0.12
 84    0.30  liblinear        1-1     200000       Y     0.8962    0.8119    0.8163    0.8108   0.8108    0.4391     0.12
 85    0.30  liblinear        1-2      50000       Y     0.9149    0.8073    0.8098    0.8065   0.8066    0.4486     0.25
 86    0.30  liblinear        1-2     100000       Y     0.9190    0.8085    0.8117    0.8075   0.8076    0.4551     0.23
 87    0.30  liblinear        1-2     200000       Y     0.9190    0.8085    0.8117    0.8075   0.8076    0.4551     0.23
 88    0.30  liblinear        1-3      50000       Y     0.9094    0.8119    0.8140    0.8111   0.8113    0.4477     0.24
 89    0.30  liblinear        1-3     100000       Y     0.9228    0.8119    0.8147    0.8110   0.8111    0.4557     0.23
 90    0.30  liblinear        1-3     200000       Y     0.9268    0.8039    0.8067    0.8030   0.8031    0.4637     0.30
 91    0.50  lbfgs            1-1      50000       Y     0.9076    0.8188    0.8212    0.8180   0.8182    0.4182     0.24
 92    0.50  lbfgs            1-1     100000       Y     0.9076    0.8188    0.8212    0.8180   0.8182    0.4182     0.24
 93    0.50  lbfgs            1-1     200000       Y     0.9076    0.8188    0.8212    0.8180   0.8182    0.4182     0.24
 94    0.50  lbfgs            1-2      50000       Y     0.9281    0.8096    0.8116    0.8089   0.8090    0.4224     0.47
 95    0.50  lbfgs            1-2     100000       Y     0.9355    0.8154    0.8181    0.8145   0.8146    0.4284     0.55
 96    0.50  lbfgs            1-2     200000       Y     0.9355    0.8154    0.8181    0.8145   0.8146    0.4284     0.53
 97    0.50  lbfgs            1-3      50000       Y     0.9209    0.8154    0.8184    0.8144   0.8146    0.4223     0.46
 98    0.50  lbfgs            1-3     100000       Y     0.9379    0.8119    0.8133    0.8113   0.8114    0.4281     0.70
 99    0.50  lbfgs            1-3     200000       Y     0.9435    0.8073    0.8101    0.8064   0.8065    0.4351     0.82
100    0.50  liblinear        1-1      50000       Y     0.9105    0.8200    0.8233    0.8190   0.8191    0.4191     0.12
101    0.50  liblinear        1-1     100000       Y     0.9105    0.8200    0.8233    0.8190   0.8191    0.4191     0.13
102    0.50  liblinear        1-1     200000       Y     0.9105    0.8200    0.8233    0.8190   0.8191    0.4191     0.12
103    0.50  liblinear        1-2      50000       Y     0.9303    0.8050    0.8080    0.8041   0.8042    0.4230     0.24
104    0.50  liblinear        1-2     100000       Y     0.9377    0.8119    0.8150    0.8110   0.8111    0.4284     0.31
105    0.50  liblinear        1-2     200000       Y     0.9377    0.8119    0.8150    0.8110   0.8111    0.4284     0.30
106    0.50  liblinear        1-3      50000       Y     0.9219    0.8142    0.8171    0.8133   0.8135    0.4222     0.26
107    0.50  liblinear        1-3     100000       Y     0.9383    0.8142    0.8158    0.8135   0.8137    0.4285     0.31
108    0.50  liblinear        1-3     200000       Y     0.9452    0.8119    0.8147    0.8110   0.8111    0.4352     0.28
109    0.70  lbfgs            1-1      50000       Y     0.9169    0.8211    0.8237    0.8202   0.8204    0.4089     0.34
110    0.70  lbfgs            1-1     100000       Y     0.9169    0.8211    0.8237    0.8202   0.8204    0.4089     0.34
111    0.70  lbfgs            1-1     200000       Y     0.9169    0.8211    0.8237    0.8202   0.8204    0.4089     0.33
112    0.70  lbfgs            1-2      50000       Y     0.9356    0.8028    0.8060    0.8018   0.8018    0.4094     0.55
113    0.70  lbfgs            1-2     100000       Y     0.9438    0.8108    0.8134    0.8099   0.8100    0.4157     0.56
114    0.70  lbfgs            1-2     200000       Y     0.9438    0.8108    0.8134    0.8099   0.8100    0.4157     0.58
115    0.70  lbfgs            1-3      50000       Y     0.9279    0.8131    0.8158    0.8122   0.8123    0.4083     0.47
116    0.70  lbfgs            1-3     100000       Y     0.9450    0.8096    0.8119    0.8088   0.8090    0.4140     0.64
117    0.70  lbfgs            1-3     200000       Y     0.9524    0.8119    0.8133    0.8113   0.8114    0.4194     1.05
118    0.70  liblinear        1-1      50000       Y     0.9176    0.8211    0.8240    0.8202   0.8204    0.4091     0.16
119    0.70  liblinear        1-1     100000       Y     0.9176    0.8211    0.8240    0.8202   0.8204    0.4091     0.19
120    0.70  liblinear        1-1     200000       Y     0.9176    0.8211    0.8240    0.8202   0.8204    0.4091     0.16
121    0.70  liblinear        1-2      50000       Y     0.9389    0.8050    0.8080    0.8041   0.8042    0.4091     0.24
122    0.70  liblinear        1-2     100000       Y     0.9474    0.8096    0.8124    0.8087   0.8088    0.4137     0.31
123    0.70  liblinear        1-2     200000       Y     0.9474    0.8096    0.8124    0.8087   0.8088    0.4137     0.32
124    0.70  liblinear        1-3      50000       Y     0.9290    0.8142    0.8168    0.8134   0.8135    0.4082     0.27
125    0.70  liblinear        1-3     100000       Y     0.9455    0.8108    0.8129    0.8100   0.8101    0.4135     0.29
126    0.70  liblinear        1-3     200000       Y     0.9538    0.8108    0.8134    0.8099   0.8100    0.4194     0.35
127    1.00  lbfgs            1-1      50000       Y     0.9222    0.8257    0.8278    0.8249   0.8251    0.4018     0.36
128    1.00  lbfgs            1-1     100000       Y     0.9222    0.8257    0.8278    0.8249   0.8251    0.4018     0.36
129    1.00  lbfgs            1-1     200000       Y     0.9222    0.8257    0.8278    0.8249   0.8251    0.4018     0.34
130    1.00  lbfgs            1-2      50000       Y     0.9445    0.8073    0.8104    0.8064   0.8065    0.3971     0.55
131    1.00  lbfgs            1-2     100000       Y     0.9532    0.8096    0.8124    0.8087   0.8088    0.4000     0.62
132    1.00  lbfgs            1-2     200000       Y     0.9532    0.8096    0.8124    0.8087   0.8088    0.4000     0.64
133    1.00  lbfgs            1-3      50000       Y     0.9350    0.8131    0.8158    0.8122   0.8123    0.3962     0.69
134    1.00  lbfgs            1-3     100000       Y     0.9514    0.8085    0.8106    0.8077   0.8078    0.4003     0.52
135    1.00  lbfgs            1-3     200000       Y     0.9597    0.8131    0.8144    0.8124   0.8126    0.4060     1.14
136    1.00  liblinear        1-1      50000       Y     0.9246    0.8222    0.8250    0.8214   0.8215    0.4013     0.17
137    1.00  liblinear        1-1     100000       Y     0.9246    0.8222    0.8250    0.8214   0.8215    0.4013     0.17
138    1.00  liblinear        1-1     200000       Y     0.9246    0.8222    0.8250    0.8214   0.8215    0.4013     0.18
139    1.00  liblinear        1-2      50000       Y     0.9463    0.8085    0.8111    0.8076   0.8077    0.3970     0.26
140    1.00  liblinear        1-2     100000       Y     0.9554    0.8073    0.8104    0.8064   0.8065    0.4007     0.27
141    1.00  liblinear        1-2     200000       Y     0.9554    0.8073    0.8104    0.8064   0.8065    0.4007     0.28
142    1.00  liblinear        1-3      50000       Y     0.9359    0.8119    0.8145    0.8111   0.8112    0.3961     0.27
143    1.00  liblinear        1-3     100000       Y     0.9530    0.8108    0.8134    0.8099   0.8100    0.4004     0.39
144    1.00  liblinear        1-3     200000       Y     0.9618    0.8073    0.8098    0.8065   0.8066    0.4054     0.35
145    2.00  lbfgs            1-1      50000       Y     0.9340    0.8188    0.8214    0.8179   0.8181    0.3955     0.41
146    2.00  lbfgs            1-1     100000       Y     0.9340    0.8188    0.8214    0.8179   0.8181    0.3955     0.42
147    2.00  lbfgs            1-1     200000       Y     0.9340    0.8188    0.8214    0.8179   0.8181    0.3955     0.41
148    2.00  lbfgs            1-2      50000       Y     0.9572    0.8165    0.8181    0.8158   0.8160    0.3814     0.63
149    2.00  lbfgs            1-2     100000       Y     0.9668    0.8131    0.8155    0.8122   0.8124    0.3837     0.66
150    2.00  lbfgs            1-2     200000       Y     0.9668    0.8131    0.8155    0.8122   0.8124    0.3837     0.63
151    2.00  lbfgs            1-3      50000       Y     0.9449    0.8188    0.8209    0.8180   0.8182    0.3807     0.55
152    2.00  lbfgs            1-3     100000       Y     0.9613    0.8131    0.8152    0.8123   0.8124    0.3832     0.84
153    2.00  lbfgs            1-3     200000       Y     0.9706    0.8108    0.8132    0.8099   0.8101    0.3870     1.51
154    2.00  liblinear        1-1      50000       Y     0.9351    0.8188    0.8212    0.8180   0.8182    0.3953     0.19
155    2.00  liblinear        1-1     100000       Y     0.9351    0.8188    0.8212    0.8180   0.8182    0.3953     0.19
156    2.00  liblinear        1-1     200000       Y     0.9351    0.8188    0.8212    0.8180   0.8182    0.3953     0.19
157    2.00  liblinear        1-2      50000       Y     0.9579    0.8188    0.8209    0.8180   0.8182    0.3818     0.33
158    2.00  liblinear        1-2     100000       Y     0.9677    0.8131    0.8155    0.8122   0.8124    0.3835     0.36
159    2.00  liblinear        1-2     200000       Y     0.9677    0.8131    0.8155    0.8122   0.8124    0.3835     0.36
160    2.00  liblinear        1-3      50000       Y     0.9472    0.8177    0.8199    0.8169   0.8170    0.3809     0.38
161    2.00  liblinear        1-3     100000       Y     0.9638    0.8142    0.8165    0.8134   0.8136    0.3830     0.37
162    2.00  liblinear        1-3     200000       Y     0.9732    0.8096    0.8121    0.8088   0.8089    0.3862     0.46
163    5.00  lbfgs            1-1      50000       Y     0.9469    0.8211    0.8230    0.8204   0.8206    0.4074     0.46
164    5.00  lbfgs            1-1     100000       Y     0.9469    0.8211    0.8230    0.8204   0.8206    0.4074     0.45
165    5.00  lbfgs            1-1     200000       Y     0.9469    0.8211    0.8230    0.8204   0.8206    0.4074     0.45
166    5.00  lbfgs            1-2      50000       Y     0.9663    0.8200    0.8222    0.8192   0.8193    0.3804     0.58
167    5.00  lbfgs            1-2     100000       Y     0.9773    0.8245    0.8266    0.8238   0.8240    0.3783     0.94
168    5.00  lbfgs            1-2     200000       Y     0.9773    0.8245    0.8266    0.8238   0.8240    0.3783     0.96
169    5.00  lbfgs            1-3      50000       Y     0.9571    0.8200    0.8233    0.8190   0.8191    0.3793     0.71
170    5.00  lbfgs            1-3     100000       Y     0.9724    0.8188    0.8214    0.8179   0.8181    0.3791     0.71
171    5.00  lbfgs            1-3     200000       Y     0.9818    0.8142    0.8171    0.8133   0.8135    0.3802     1.69
172    5.00  liblinear        1-1      50000       Y     0.9478    0.8200    0.8222    0.8192   0.8193    0.4074     0.21
173    5.00  liblinear        1-1     100000       Y     0.9478    0.8200    0.8222    0.8192   0.8193    0.4074     0.24
174    5.00  liblinear        1-1     200000       Y     0.9478    0.8200    0.8222    0.8192   0.8193    0.4074     0.23
175    5.00  liblinear        1-2      50000       Y     0.9701    0.8222    0.8245    0.8215   0.8216    0.3797     0.37
176    5.00  liblinear        1-2     100000       Y     0.9798    0.8245    0.8259    0.8239   0.8241    0.3771     0.39
177    5.00  liblinear        1-2     200000       Y     0.9798    0.8245    0.8259    0.8239   0.8241    0.3771     0.39
178    5.00  liblinear        1-3      50000       Y     0.9590    0.8165    0.8203    0.8155   0.8156    0.3795     0.45
179    5.00  liblinear        1-3     100000       Y     0.9751    0.8234    0.8258    0.8226   0.8228    0.3777     0.52
180    5.00  liblinear        1-3     200000       Y     0.9846    0.8211    0.8237    0.8202   0.8204    0.3771     0.54
181   10.00  lbfgs            1-1      50000       Y     0.9522    0.8142    0.8168    0.8134   0.8135    0.4342     0.63
182   10.00  lbfgs            1-1     100000       Y     0.9522    0.8142    0.8168    0.8134   0.8135    0.4342     0.63
183   10.00  lbfgs            1-1     200000       Y     0.9522    0.8142    0.8168    0.8134   0.8135    0.4342     0.63
184   10.00  lbfgs            1-2      50000       Y     0.9760    0.8291    0.8317    0.8283   0.8285    0.3935     1.00
185   10.00  lbfgs            1-2     100000       Y     0.9834    0.8257    0.8293    0.8247   0.8249    0.3907     0.91
186   10.00  lbfgs            1-2     200000       Y     0.9834    0.8257    0.8293    0.8247   0.8249    0.3907     0.96
187   10.00  lbfgs            1-3      50000       Y     0.9620    0.8245    0.8271    0.8237   0.8239    0.3909     0.67
188   10.00  lbfgs            1-3     100000       Y     0.9770    0.8165    0.8194    0.8156   0.8158    0.3891     1.02
189   10.00  lbfgs            1-3     200000       Y     0.9881    0.8234    0.8263    0.8225   0.8227    0.3865     1.76
190   10.00  liblinear        1-1      50000       Y     0.9530    0.8177    0.8201    0.8168   0.8170    0.4336     0.28
191   10.00  liblinear        1-1     100000       Y     0.9530    0.8177    0.8201    0.8168   0.8170    0.4336     0.28
192   10.00  liblinear        1-1     200000       Y     0.9530    0.8177    0.8201    0.8168   0.8170    0.4336     0.28
193   10.00  liblinear        1-2      50000       Y     0.9768    0.8257    0.8278    0.8249   0.8251    0.3923     0.52
194   10.00  liblinear        1-2     100000       Y     0.9866    0.8211    0.8235    0.8203   0.8205    0.3845     0.52
195   10.00  liblinear        1-2     200000       Y     0.9866    0.8211    0.8235    0.8203   0.8205    0.3845     0.50
196   10.00  liblinear        1-3      50000       Y     0.9657    0.8154    0.8184    0.8144   0.8146    0.3948     0.56
197   10.00  liblinear        1-3     100000       Y     0.9809    0.8211    0.8237    0.8202   0.8204    0.3879     0.49
198   10.00  liblinear        1-3     200000       Y     0.9902    0.8257    0.8293    0.8247   0.8249    0.3820     0.53

=========================================================================================================================
TOP 10 BY VALIDATION ACCURACY
=========================================================================================================================
  #1  C=10.0    solver=lbfgs        ngram=1-2  max_feat=50000  val_acc=0.8291  val_f1=0.8285  val_loss=0.3935
  #2  C=1.0     solver=lbfgs        ngram=1-1  max_feat=50000  val_acc=0.8257  val_f1=0.8251  val_loss=0.4018
  #3  C=1.0     solver=lbfgs        ngram=1-1  max_feat=100000  val_acc=0.8257  val_f1=0.8251  val_loss=0.4018
  #4  C=1.0     solver=lbfgs        ngram=1-1  max_feat=200000  val_acc=0.8257  val_f1=0.8251  val_loss=0.4018
  #5  C=10.0    solver=lbfgs        ngram=1-2  max_feat=100000  val_acc=0.8257  val_f1=0.8249  val_loss=0.3907
  #6  C=10.0    solver=lbfgs        ngram=1-2  max_feat=200000  val_acc=0.8257  val_f1=0.8249  val_loss=0.3907
  #7  C=10.0    solver=liblinear    ngram=1-2  max_feat=50000  val_acc=0.8257  val_f1=0.8251  val_loss=0.3923
  #8  C=10.0    solver=liblinear    ngram=1-3  max_feat=200000  val_acc=0.8257  val_f1=0.8249  val_loss=0.3820
  #9  C=5.0     solver=lbfgs        ngram=1-2  max_feat=100000  val_acc=0.8245  val_f1=0.8240  val_loss=0.3783
  #10  C=5.0     solver=lbfgs        ngram=1-2  max_feat=200000  val_acc=0.8245  val_f1=0.8240  val_loss=0.3783

=========================================================================================================================
TOP 10 BY VALIDATION F1 (MACRO)
=========================================================================================================================
  #1  C=10.0    solver=lbfgs        ngram=1-2  max_feat=50000  val_acc=0.8291  val_f1=0.8285  val_loss=0.3935
  #2  C=1.0     solver=lbfgs        ngram=1-1  max_feat=50000  val_acc=0.8257  val_f1=0.8251  val_loss=0.4018
  #3  C=1.0     solver=lbfgs        ngram=1-1  max_feat=100000  val_acc=0.8257  val_f1=0.8251  val_loss=0.4018
  #4  C=1.0     solver=lbfgs        ngram=1-1  max_feat=200000  val_acc=0.8257  val_f1=0.8251  val_loss=0.4018
  #5  C=10.0    solver=liblinear    ngram=1-2  max_feat=50000  val_acc=0.8257  val_f1=0.8251  val_loss=0.3923
  #6  C=10.0    solver=lbfgs        ngram=1-2  max_feat=100000  val_acc=0.8257  val_f1=0.8249  val_loss=0.3907
  #7  C=10.0    solver=lbfgs        ngram=1-2  max_feat=200000  val_acc=0.8257  val_f1=0.8249  val_loss=0.3907
  #8  C=10.0    solver=liblinear    ngram=1-3  max_feat=200000  val_acc=0.8257  val_f1=0.8249  val_loss=0.3820
  #9  C=5.0     solver=liblinear    ngram=1-2  max_feat=100000  val_acc=0.8245  val_f1=0.8241  val_loss=0.3771
  #10  C=5.0     solver=liblinear    ngram=1-2  max_feat=200000  val_acc=0.8245  val_f1=0.8241  val_loss=0.3771
