NB-SVM Grid Search SST-2 — 2026-04-15 09:51:17
Dataset: SST-2  |  Seed: 42

  #       C    ngram   max_feat  sub_tf  train_acc   val_acc   val_f1   time_s
──────────────────────────────────────────────────────────────────────────────
  1    0.01      1-2      50000       Y     0.8789    0.8085   0.8071     0.95
  2    0.01      1-2      50000       N     0.8785    0.8073   0.8059     2.75
  3    0.01      1-2     100000       Y     0.8731    0.7959   0.7940     0.51
  4    0.01      1-2     100000       N     0.8727    0.7924   0.7903     0.48
  5    0.01      1-2     200000       Y     0.8731    0.7959   0.7940     0.41
  6    0.01      1-2     200000       N     0.8727    0.7924   0.7903     0.43
  7    0.01      1-2     300000       Y     0.8731    0.7959   0.7940     0.43
  8    0.01      1-2     300000       N     0.8727    0.7924   0.7903     0.37
  9    0.01      1-3      50000       Y     0.8785    0.8085   0.8070     0.57
 10    0.01      1-3      50000       N     0.8783    0.8096   0.8082     0.51
 11    0.01      1-3     100000       Y     0.8701    0.7913   0.7892     0.72
 12    0.01      1-3     100000       N     0.8698    0.7913   0.7892     0.52
 13    0.01      1-3     200000       Y     0.8589    0.7821   0.7797     0.41
 14    0.01      1-3     200000       N     0.8584    0.7821   0.7797     0.43
 15    0.01      1-3     300000       Y     0.8589    0.7821   0.7797     0.53
 16    0.01      1-3     300000       N     0.8584    0.7821   0.7797     0.45
 17    0.05      1-2      50000       Y     0.9256    0.8372   0.8367     0.70
 18    0.05      1-2      50000       N     0.9255    0.8383   0.8379     0.47
 19    0.05      1-2     100000       Y     0.9262    0.8268   0.8263     0.33
 20    0.05      1-2     100000       N     0.9262    0.8268   0.8264     0.46
 21    0.05      1-2     200000       Y     0.9262    0.8268   0.8263     0.50
 22    0.05      1-2     200000       N     0.9262    0.8268   0.8264     0.37
 23    0.05      1-2     300000       Y     0.9262    0.8268   0.8263     0.36
 24    0.05      1-2     300000       N     0.9262    0.8268   0.8264     0.38
 25    0.05      1-3      50000       Y     0.9173    0.8280   0.8275     1.21
 26    0.05      1-3      50000       N     0.9174    0.8280   0.8276     0.71
 27    0.05      1-3     100000       Y     0.9266    0.8360   0.8356     0.47
 28    0.05      1-3     100000       N     0.9264    0.8372   0.8368     0.46
 29    0.05      1-3     200000       Y     0.9236    0.8326   0.8321     0.76
 30    0.05      1-3     200000       N     0.9234    0.8314   0.8309     0.67
 31    0.05      1-3     300000       Y     0.9236    0.8326   0.8321     0.46
 32    0.05      1-3     300000       N     0.9234    0.8314   0.8309     0.82
 33    0.10      1-2      50000       Y     0.9381    0.8383   0.8379     1.32
 34    0.10      1-2      50000       N     0.9381    0.8383   0.8379     0.92
 35    0.10      1-2     100000       Y     0.9414    0.8280   0.8275     0.61
 36    0.10      1-2     100000       N     0.9413    0.8257   0.8252     0.40
 37    0.10      1-2     200000       Y     0.9414    0.8280   0.8275     0.59
 38    0.10      1-2     200000       N     0.9413    0.8257   0.8252     0.81
 39    0.10      1-2     300000       Y     0.9414    0.8280   0.8275     0.62
 40    0.10      1-2     300000       N     0.9413    0.8257   0.8252     0.59
 41    0.10      1-3      50000       Y     0.9269    0.8372   0.8368     0.85
 42    0.10      1-3      50000       N     0.9269    0.8360   0.8356     1.80
 43    0.10      1-3     100000       Y     0.9392    0.8383   0.8379     0.50
 44    0.10      1-3     100000       N     0.9392    0.8406   0.8402     0.68
 45    0.10      1-3     200000       Y     0.9406    0.8314   0.8310     0.88
 46    0.10      1-3     200000       N     0.9406    0.8314   0.8309     0.59
 47    0.10      1-3     300000       Y     0.9406    0.8314   0.8310     0.53
 48    0.10      1-3     300000       N     0.9406    0.8314   0.8309     1.04
 49    0.50      1-2      50000       Y     0.9574    0.8303   0.8296     1.45
 50    0.50      1-2      50000       N     0.9572    0.8303   0.8295     1.33
 51    0.50      1-2     100000       Y     0.9637    0.8268   0.8261     0.94
 52    0.50      1-2     100000       N     0.9637    0.8291   0.8284     1.32
 53    0.50      1-2     200000       Y     0.9637    0.8268   0.8261     1.17
 54    0.50      1-2     200000       N     0.9637    0.8291   0.8284     1.79
 55    0.50      1-2     300000       Y     0.9637    0.8268   0.8261     0.78
 56    0.50      1-2     300000       N     0.9637    0.8291   0.8284     0.98
 57    0.50      1-3      50000       Y     0.9461    0.8360   0.8354     1.82
 58    0.50      1-3      50000       N     0.9461    0.8337   0.8330     1.33
 59    0.50      1-3     100000       Y     0.9599    0.8326   0.8319     1.48
 60    0.50      1-3     100000       N     0.9597    0.8326   0.8319     1.82
 61    0.50      1-3     200000       Y     0.9645    0.8234   0.8226     1.52
 62    0.50      1-3     200000       N     0.9645    0.8211   0.8202     1.63
 63    0.50      1-3     300000       Y     0.9645    0.8234   0.8226     1.14
 64    0.50      1-3     300000       N     0.9645    0.8211   0.8202     1.18
 65    1.00      1-2      50000       Y     0.9648    0.8268   0.8260     1.50
 66    1.00      1-2      50000       N     0.9648    0.8280   0.8271     3.26
 67    1.00      1-2     100000       Y     0.9719    0.8291   0.8282     1.01
 68    1.00      1-2     100000       N     0.9719    0.8303   0.8293     1.71
 69    1.00      1-2     200000       Y     0.9719    0.8291   0.8282     1.22
 70    1.00      1-2     200000       N     0.9719    0.8303   0.8293     2.41
 71    1.00      1-2     300000       Y     0.9719    0.8291   0.8282     1.52
 72    1.00      1-2     300000       N     0.9719    0.8303   0.8293     1.40
 73    1.00      1-3      50000       Y     0.9543    0.8360   0.8352     1.50
 74    1.00      1-3      50000       N     0.9539    0.8337   0.8328     1.93
 75    1.00      1-3     100000       Y     0.9669    0.8245   0.8236     2.28
 76    1.00      1-3     100000       N     0.9668    0.8268   0.8259     2.53
 77    1.00      1-3     200000       Y     0.9727    0.8177   0.8166     1.54
 78    1.00      1-3     200000       N     0.9725    0.8188   0.8178     1.99
 79    1.00      1-3     300000       Y     0.9727    0.8177   0.8166     1.62
 80    1.00      1-3     300000       N     0.9725    0.8188   0.8178     1.65
 81    2.00      1-2      50000       Y     0.9717    0.8245   0.8236     2.26
 82    2.00      1-2      50000       N     0.9716    0.8222   0.8213     1.98
 83    2.00      1-2     100000       Y     0.9793    0.8245   0.8232     2.66
 84    2.00      1-2     100000       N     0.9791    0.8257   0.8243     2.88
 85    2.00      1-2     200000       Y     0.9793    0.8245   0.8232     2.17
 86    2.00      1-2     200000       N     0.9791    0.8257   0.8243     2.97
 87    2.00      1-2     300000       Y     0.9793    0.8245   0.8232     2.19
 88    2.00      1-2     300000       N     0.9791    0.8257   0.8243     2.30
 89    2.00      1-3      50000       Y     0.9610    0.8314   0.8306     1.71
 90    2.00      1-3      50000       N     0.9609    0.8280   0.8271     2.08
 91    2.00      1-3     100000       Y     0.9743    0.8245   0.8234     3.27
 92    2.00      1-3     100000       N     0.9742    0.8245   0.8234     2.85
 93    2.00      1-3     200000       Y     0.9801    0.8234   0.8221     3.35
 94    2.00      1-3     200000       N     0.9800    0.8245   0.8232     2.79
 95    2.00      1-3     300000       Y     0.9801    0.8234   0.8221     2.75
 96    2.00      1-3     300000       N     0.9800    0.8245   0.8232     3.43
 97    5.00      1-2      50000       Y     0.9790    0.8200   0.8190     2.32
 98    5.00      1-2      50000       N     0.9788    0.8234   0.8224     3.54
 99    5.00      1-2     100000       Y     0.9860    0.8177   0.8160     4.62
100    5.00      1-2     100000       N     0.9860    0.8188   0.8171     4.97
101    5.00      1-2     200000       Y     0.9860    0.8177   0.8160     5.05
102    5.00      1-2     200000       N     0.9860    0.8188   0.8171     5.18
103    5.00      1-2     300000       Y     0.9860    0.8177   0.8160     4.71
104    5.00      1-2     300000       N     0.9860    0.8188   0.8171     4.86
105    5.00      1-3      50000       Y     0.9682    0.8303   0.8293     2.33
106    5.00      1-3      50000       N     0.9683    0.8303   0.8292     2.86
107    5.00      1-3     100000       Y     0.9817    0.8177   0.8164     5.98
108    5.00      1-3     100000       N     0.9816    0.8165   0.8152     6.39
109    5.00      1-3     200000       Y     0.9873    0.8165   0.8144     4.06
110    5.00      1-3     200000       N     0.9872    0.8165   0.8144     8.37
111    5.00      1-3     300000       Y     0.9873    0.8165   0.8144     4.77
112    5.00      1-3     300000       N     0.9872    0.8165   0.8144     6.71
113   10.00      1-2      50000       Y     0.9827    0.8096   0.8083     9.16
114   10.00      1-2      50000       N     0.9828    0.8073   0.8059     3.47
115   10.00      1-2     100000       Y     0.9898    0.8131   0.8109     4.80
116   10.00      1-2     100000       N     0.9898    0.8154   0.8133     5.06
117   10.00      1-2     200000       Y     0.9898    0.8131   0.8109     5.80
118   10.00      1-2     200000       N     0.9898    0.8154   0.8133     5.05
119   10.00      1-2     300000       Y     0.9898    0.8131   0.8109     5.66
120   10.00      1-2     300000       N     0.9898    0.8154   0.8133     4.20
121   10.00      1-3      50000       Y     0.9720    0.8268   0.8260     8.24
122   10.00      1-3      50000       N     0.9720    0.8257   0.8249     3.93
123   10.00      1-3     100000       Y     0.9855    0.8108   0.8090     5.73
124   10.00      1-3     100000       N     0.9854    0.8119   0.8102     5.63
125   10.00      1-3     200000       Y     0.9909    0.8073   0.8047     6.62
126   10.00      1-3     200000       N     0.9909    0.8073   0.8047     7.04
127   10.00      1-3     300000       Y     0.9909    0.8073   0.8047     7.42
128   10.00      1-3     300000       N     0.9909    0.8073   0.8047     6.66

==============================================================================
TOP 10 BY VALIDATION ACCURACY
==============================================================================
  #1   C=0.10    ngram=1-3      max_feat=100000     sub_tf=N   val_acc=0.8406
  #2   C=0.05    ngram=1-2      max_feat=50000      sub_tf=N   val_acc=0.8383
  #3   C=0.10    ngram=1-2      max_feat=50000      sub_tf=Y   val_acc=0.8383
  #4   C=0.10    ngram=1-2      max_feat=50000      sub_tf=N   val_acc=0.8383
  #5   C=0.10    ngram=1-3      max_feat=100000     sub_tf=Y   val_acc=0.8383
  #6   C=0.05    ngram=1-2      max_feat=50000      sub_tf=Y   val_acc=0.8372
  #7   C=0.05    ngram=1-3      max_feat=100000     sub_tf=N   val_acc=0.8372
  #8   C=0.10    ngram=1-3      max_feat=50000      sub_tf=Y   val_acc=0.8372
  #9   C=0.05    ngram=1-3      max_feat=100000     sub_tf=Y   val_acc=0.8360
  #10  C=0.10    ngram=1-3      max_feat=50000      sub_tf=N   val_acc=0.8360
