NB-SVM Grid Search IMDB — 2026-04-15 08:15:46
Dataset: IMDB  |  Seed: 42

  #       C    ngram   max_feat  sub_tf  train_acc   val_acc   val_f1   time_s
──────────────────────────────────────────────────────────────────────────────
  1    0.01      1-2      50000       Y     0.8565    0.8440   0.8425     0.72
  2    0.01      1-2      50000       Y     0.8515    0.8400   0.8384     0.56
  3    0.01      1-2     100000       Y     0.8505    0.8390   0.8372     0.81
  4    0.01      1-2     100000       Y     0.8459    0.8356   0.8338     0.63
  5    0.01      1-2     200000       Y     0.8442    0.8352   0.8332     0.77
  6    0.01      1-2     200000       Y     0.8407    0.8328   0.8308     0.92
  7    0.01      1-2     300000       Y     0.8413    0.8340   0.8320     0.93
  8    0.01      1-2     300000       Y     0.8385    0.8316   0.8296     1.04
  9    0.01      1-3      50000       Y     0.8597    0.8472   0.8458     0.49
 10    0.01      1-3      50000       Y     0.8539    0.8442   0.8428     2.11
 11    0.01      1-3     100000       Y     0.8550    0.8398   0.8381     0.69
 12    0.01      1-3     100000       Y     0.8501    0.8366   0.8348     0.56
 13    0.01      1-3     200000       Y     0.8480    0.8362   0.8342     1.06
 14    0.01      1-3     200000       Y     0.8433    0.8332   0.8313     0.98
 15    0.01      1-3     300000       Y     0.8438    0.8350   0.8330     0.97
 16    0.01      1-3     300000       Y     0.8398    0.8308   0.8288     1.26
 17    0.05      1-2      50000       Y     0.8942    0.8762   0.8758     0.55
 18    0.05      1-2      50000       Y     0.8922    0.8744   0.8741     0.71
 19    0.05      1-2     100000       Y     0.8884    0.8728   0.8724     0.64
 20    0.05      1-2     100000       Y     0.8863    0.8696   0.8692     0.93
 21    0.05      1-2     200000       Y     0.8831    0.8690   0.8685     1.02
 22    0.05      1-2     200000       Y     0.8807    0.8670   0.8665     1.06
 23    0.05      1-2     300000       Y     0.8803    0.8662   0.8656     0.96
 24    0.05      1-2     300000       Y     0.8786    0.8648   0.8643     1.01
 25    0.05      1-3      50000       Y     0.8966    0.8804   0.8801     0.48
 26    0.05      1-3      50000       Y     0.8946    0.8774   0.8771     0.67
 27    0.05      1-3     100000       Y     0.8920    0.8764   0.8760     1.00
 28    0.05      1-3     100000       Y     0.8898    0.8748   0.8744     0.77
 29    0.05      1-3     200000       Y     0.8859    0.8716   0.8711     0.89
 30    0.05      1-3     200000       Y     0.8829    0.8678   0.8673     1.17
 31    0.05      1-3     300000       Y     0.8815    0.8680   0.8674     1.02
 32    0.05      1-3     300000       Y     0.8792    0.8668   0.8663     0.98
 33    0.10      1-2      50000       Y     0.9094    0.8908   0.8907     0.46
 34    0.10      1-2      50000       Y     0.9081    0.8890   0.8889     0.59
 35    0.10      1-2     100000       Y     0.9065    0.8852   0.8850     0.74
 36    0.10      1-2     100000       Y     0.9050    0.8846   0.8844     0.56
 37    0.10      1-2     200000       Y     0.9009    0.8812   0.8810     1.02
 38    0.10      1-2     200000       Y     0.8992    0.8822   0.8820     1.02
 39    0.10      1-2     300000       Y     0.8975    0.8806   0.8804     1.02
 40    0.10      1-2     300000       Y     0.8963    0.8806   0.8804     0.98
 41    0.10      1-3      50000       Y     0.9119    0.8926   0.8925     0.66
 42    0.10      1-3      50000       Y     0.9107    0.8908   0.8907     0.53
 43    0.10      1-3     100000       Y     0.9094    0.8880   0.8878     0.94
 44    0.10      1-3     100000       Y     0.9076    0.8878   0.8876     0.90
 45    0.10      1-3     200000       Y     0.9029    0.8838   0.8836     0.81
 46    0.10      1-3     200000       Y     0.9020    0.8832   0.8830     1.16
 47    0.10      1-3     300000       Y     0.8989    0.8804   0.8801     1.43
 48    0.10      1-3     300000       Y     0.8979    0.8800   0.8798     1.32
 49    0.50      1-2      50000       Y     0.9467    0.9072   0.9072     0.75
 50    0.50      1-2      50000       Y     0.9438    0.9068   0.9068     0.78
 51    0.50      1-2     100000       Y     0.9440    0.9058   0.9058     0.87
 52    0.50      1-2     100000       Y     0.9419    0.9050   0.9050     1.30
 53    0.50      1-2     200000       Y     0.9398    0.9040   0.9040     1.10
 54    0.50      1-2     200000       Y     0.9381    0.9046   0.9046     1.64
 55    0.50      1-2     300000       Y     0.9365    0.9026   0.9026     1.29
 56    0.50      1-2     300000       Y     0.9361    0.9042   0.9042     1.22
 57    0.50      1-3      50000       Y     0.9476    0.9084   0.9084     0.97
 58    0.50      1-3      50000       Y     0.9453    0.9070   0.9070     0.83
 59    0.50      1-3     100000       Y     0.9460    0.9058   0.9058     1.26
 60    0.50      1-3     100000       Y     0.9437    0.9048   0.9048     0.86
 61    0.50      1-3     200000       Y     0.9407    0.9042   0.9042     1.25
 62    0.50      1-3     200000       Y     0.9398    0.9040   0.9040     1.40
 63    0.50      1-3     300000       Y     0.9373    0.9024   0.9024     2.18
 64    0.50      1-3     300000       Y     0.9371    0.9024   0.9024     1.45
 65    1.00      1-2      50000       Y     0.9631    0.9116   0.9116     1.11
 66    1.00      1-2      50000       Y     0.9609    0.9112   0.9112     0.92
 67    1.00      1-2     100000       Y     0.9620    0.9114   0.9114     1.10
 68    1.00      1-2     100000       Y     0.9604    0.9110   0.9110     1.63
 69    1.00      1-2     200000       Y     0.9580    0.9078   0.9078     1.71
 70    1.00      1-2     200000       Y     0.9571    0.9086   0.9086     1.61
 71    1.00      1-2     300000       Y     0.9552    0.9058   0.9058     2.03
 72    1.00      1-2     300000       Y     0.9543    0.9086   0.9086     2.95
 73    1.00      1-3      50000       Y     0.9640    0.9132   0.9132     1.03
 74    1.00      1-3      50000       Y     0.9607    0.9120   0.9120     1.28
 75    1.00      1-3     100000       Y     0.9637    0.9134   0.9134     1.18
 76    1.00      1-3     100000       Y     0.9609    0.9126   0.9126     1.20
 77    1.00      1-3     200000       Y     0.9590    0.9106   0.9106     1.83
 78    1.00      1-3     200000       Y     0.9576    0.9098   0.9098     2.10
 79    1.00      1-3     300000       Y     0.9552    0.9082   0.9082     1.90
 80    1.00      1-3     300000       Y     0.9546    0.9076   0.9076     1.51
 81    2.00      1-2      50000       Y     0.9799    0.9134   0.9134     1.23
 82    2.00      1-2      50000       Y     0.9759    0.9116   0.9116     1.46
 83    2.00      1-2     100000       Y     0.9797    0.9140   0.9140     1.40
 84    2.00      1-2     100000       Y     0.9762    0.9132   0.9132     2.05
 85    2.00      1-2     200000       Y     0.9757    0.9142   0.9142     1.76
 86    2.00      1-2     200000       Y     0.9737    0.9132   0.9132     1.63
 87    2.00      1-2     300000       Y     0.9728    0.9132   0.9132     2.28
 88    2.00      1-2     300000       Y     0.9714    0.9134   0.9134     3.46
 89    2.00      1-3      50000       Y     0.9799    0.9138   0.9138     1.10
 90    2.00      1-3      50000       Y     0.9776    0.9134   0.9134     1.51
 91    2.00      1-3     100000       Y     0.9806    0.9146   0.9146     1.78
 92    2.00      1-3     100000       Y     0.9782    0.9134   0.9134     1.37
 93    2.00      1-3     200000       Y     0.9772    0.9152   0.9152     2.43
 94    2.00      1-3     200000       Y     0.9756    0.9138   0.9138     1.67
 95    2.00      1-3     300000       Y     0.9739    0.9148   0.9148     2.37
 96    2.00      1-3     300000       Y     0.9728    0.9132   0.9132     2.00
 97    5.00      1-2      50000       Y     0.9952    0.9084   0.9084     1.66
 98    5.00      1-2      50000       Y     0.9936    0.9092   0.9092     1.87
 99    5.00      1-2     100000       Y     0.9950    0.9110   0.9110     2.30
100    5.00      1-2     100000       Y     0.9938    0.9140   0.9140     2.19
101    5.00      1-2     200000       Y     0.9940    0.9130   0.9130     4.12
102    5.00      1-2     200000       Y     0.9928    0.9158   0.9158     2.76
103    5.00      1-2     300000       Y     0.9927    0.9146   0.9146     3.03
104    5.00      1-2     300000       Y     0.9913    0.9158   0.9158     4.35
105    5.00      1-3      50000       Y     0.9949    0.9104   0.9104     2.14
106    5.00      1-3      50000       Y     0.9936    0.9116   0.9116     2.07
107    5.00      1-3     100000       Y     0.9953    0.9136   0.9136     2.77
108    5.00      1-3     100000       Y     0.9944    0.9138   0.9138     2.87
109    5.00      1-3     200000       Y     0.9946    0.9162   0.9162     2.97
110    5.00      1-3     200000       Y     0.9935    0.9154   0.9154     3.43
111    5.00      1-3     300000       Y     0.9930    0.9156   0.9156     4.73
112    5.00      1-3     300000       Y     0.9921    0.9148   0.9148     4.20
113   10.00      1-2      50000       Y     0.9991    0.9062   0.9062     2.77
114   10.00      1-2      50000       Y     0.9987    0.9062   0.9062     3.71
115   10.00      1-2     100000       Y     0.9992    0.9086   0.9086     3.60
116   10.00      1-2     100000       Y     0.9989    0.9084   0.9084     4.01
117   10.00      1-2     200000       Y     0.9990    0.9092   0.9092     4.81
118   10.00      1-2     200000       Y     0.9987    0.9116   0.9116     7.22
119   10.00      1-2     300000       Y     0.9986    0.9102   0.9102     7.25
120   10.00      1-2     300000       Y     0.9981    0.9124   0.9124     6.68
121   10.00      1-3      50000       Y     0.9993    0.9072   0.9072     4.03
122   10.00      1-3      50000       Y     0.9990    0.9106   0.9106     3.44
123   10.00      1-3     100000       Y     0.9995    0.9116   0.9116     4.37
124   10.00      1-3     100000       Y     0.9992    0.9130   0.9130     4.97
125   10.00      1-3     200000       Y     0.9991    0.9146   0.9146     6.60
126   10.00      1-3     200000       Y     0.9989    0.9156   0.9156     6.25
127   10.00      1-3     300000       Y     0.9987    0.9142   0.9142     6.47
128   10.00      1-3     300000       Y     0.9986    0.9156   0.9156     7.63

==============================================================================
TOP 10 BY VALIDATION ACCURACY
==============================================================================
  #1  C=5.0     ngram=1-3      max_feat=200000     val_acc=0.9162
  #2  C=5.0     ngram=1-2      max_feat=200000     val_acc=0.9158
  #3  C=5.0     ngram=1-2      max_feat=300000     val_acc=0.9158
  #4  C=5.0     ngram=1-3      max_feat=300000     val_acc=0.9156
  #5  C=10.0    ngram=1-3      max_feat=200000     val_acc=0.9156
  #6  C=10.0    ngram=1-3      max_feat=300000     val_acc=0.9156
  #7  C=5.0     ngram=1-3      max_feat=200000     val_acc=0.9154
  #8  C=2.0     ngram=1-3      max_feat=200000     val_acc=0.9152
  #9  C=2.0     ngram=1-3      max_feat=300000     val_acc=0.9148
  #10  C=5.0     ngram=1-3      max_feat=300000     val_acc=0.9148
