Logistic Regression Grid Search (IMDB) — 2026-03-31 09:43:42
Dataset: C:\Research\NLP_FAC\Datasets\IMDB  |  Seed: 42  |  max_iter: 500
Total combos: 198

  #       C  solver         ngram   max_feat  sub_tf  train_acc   val_acc  val_prec   val_rec   val_f1  val_loss   time_s
─────────────────────────────────────────────────────────────────────────────────────────────────────────────────────────
  1    0.01  lbfgs            1-1      50000       Y     0.8245    0.8214     0.8230    0.8214   0.8212     0.6450     0.08
  2    0.01  lbfgs            1-1     100000       Y     0.8247    0.8206     0.8220    0.8206   0.8204     0.6457     0.09
  3    0.01  lbfgs            1-1     200000       Y     0.8247    0.8206     0.8220    0.8206   0.8204     0.6457     0.09
  4    0.01  lbfgs            1-2      50000       Y     0.8396    0.8248     0.8257    0.8248   0.8247     0.6571     0.07
  5    0.01  lbfgs            1-2     100000       Y     0.8423    0.8254     0.8262    0.8254   0.8253     0.6623     0.10
  6    0.01  lbfgs            1-2     200000       Y     0.8442    0.8256     0.8264    0.8256   0.8255     0.6661     0.12
  7    0.01  lbfgs            1-3      50000       Y     0.8459    0.8284     0.8291    0.8284   0.8283     0.6583     0.08
  8    0.01  lbfgs            1-3     100000       Y     0.8515    0.8310     0.8318    0.8310   0.8309     0.6642     0.10
  9    0.01  lbfgs            1-3     200000       Y     0.8555    0.8320     0.8327    0.8320   0.8319     0.6688     0.14
 10    0.01  liblinear        1-1      50000       Y     0.8272    0.8220     0.8232    0.8220   0.8218     0.6450     0.22
 11    0.01  liblinear        1-1     100000       Y     0.8273    0.8224     0.8236    0.8224   0.8222     0.6457     0.22
 12    0.01  liblinear        1-1     200000       Y     0.8273    0.8224     0.8236    0.8224   0.8222     0.6457     0.22
 13    0.01  liblinear        1-2      50000       Y     0.8471    0.8304     0.8311    0.8304   0.8303     0.6571     0.36
 14    0.01  liblinear        1-2     100000       Y     0.8495    0.8298     0.8305    0.8298   0.8297     0.6623     0.42
 15    0.01  liblinear        1-2     200000       Y     0.8506    0.8304     0.8309    0.8304   0.8303     0.6662     0.40
 16    0.01  liblinear        1-3      50000       Y     0.8532    0.8352     0.8358    0.8352   0.8351     0.6584     0.40
 17    0.01  liblinear        1-3     100000       Y     0.8573    0.8354     0.8360    0.8354   0.8353     0.6642     0.40
 18    0.01  liblinear        1-3     200000       Y     0.8609    0.8366     0.8371    0.8366   0.8365     0.6688     0.45
 19    0.05  lbfgs            1-1      50000       Y     0.8592    0.8452     0.8464    0.8452   0.8451     0.5428     0.11
 20    0.05  lbfgs            1-1     100000       Y     0.8591    0.8448     0.8459    0.8448   0.8447     0.5442     0.12
 21    0.05  lbfgs            1-1     200000       Y     0.8591    0.8448     0.8459    0.8448   0.8447     0.5442     0.12
 22    0.05  lbfgs            1-2      50000       Y     0.8704    0.8512     0.8518    0.8512   0.8511     0.5674     0.17
 23    0.05  lbfgs            1-2     100000       Y     0.8716    0.8492     0.8499    0.8492   0.8491     0.5809     0.23
 24    0.05  lbfgs            1-2     200000       Y     0.8723    0.8462     0.8469    0.8462   0.8461     0.5916     0.32
 25    0.05  lbfgs            1-3      50000       Y     0.8738    0.8544     0.8550    0.8544   0.8543     0.5704     0.14
 26    0.05  lbfgs            1-3     100000       Y     0.8760    0.8530     0.8536    0.8530   0.8529     0.5858     0.20
 27    0.05  lbfgs            1-3     200000       Y     0.8787    0.8524     0.8530    0.8524   0.8523     0.5991     0.29
 28    0.05  liblinear        1-1      50000       Y     0.8595    0.8458     0.8470    0.8458   0.8457     0.5428     0.21
 29    0.05  liblinear        1-1     100000       Y     0.8598    0.8458     0.8469    0.8458   0.8457     0.5443     0.23
 30    0.05  liblinear        1-1     200000       Y     0.8598    0.8458     0.8469    0.8458   0.8457     0.5443     0.22
 31    0.05  liblinear        1-2      50000       Y     0.8706    0.8520     0.8526    0.8520   0.8519     0.5676     0.36
 32    0.05  liblinear        1-2     100000       Y     0.8720    0.8482     0.8488    0.8482   0.8481     0.5810     0.39
 33    0.05  liblinear        1-2     200000       Y     0.8729    0.8462     0.8468    0.8462   0.8461     0.5917     0.46
 34    0.05  liblinear        1-3      50000       Y     0.8740    0.8550     0.8555    0.8550   0.8549     0.5703     0.40
 35    0.05  liblinear        1-3     100000       Y     0.8764    0.8520     0.8526    0.8520   0.8519     0.5859     0.45
 36    0.05  liblinear        1-3     200000       Y     0.8785    0.8516     0.8521    0.8516   0.8515     0.5992     0.55
 37    0.10  lbfgs            1-1      50000       Y     0.8743    0.8614     0.8622    0.8614   0.8613     0.4821     0.07
 38    0.10  lbfgs            1-1     100000       Y     0.8742    0.8616     0.8623    0.8616   0.8615     0.4836     0.08
 39    0.10  lbfgs            1-1     200000       Y     0.8742    0.8616     0.8623    0.8616   0.8615     0.4836     0.08
 40    0.10  lbfgs            1-2      50000       Y     0.8853    0.8668     0.8674    0.8668   0.8667     0.5068     0.18
 41    0.10  lbfgs            1-2     100000       Y     0.8873    0.8622     0.8628    0.8622   0.8621     0.5231     0.39
 42    0.10  lbfgs            1-2     200000       Y     0.8883    0.8584     0.8590    0.8584   0.8583     0.5360     0.61
 43    0.10  lbfgs            1-3      50000       Y     0.8911    0.8678     0.8682    0.8678   0.8678     0.5102     0.36
 44    0.10  lbfgs            1-3     100000       Y     0.8911    0.8658     0.8663    0.8658   0.8658     0.5282     0.27
 45    0.10  lbfgs            1-3     200000       Y     0.8937    0.8634     0.8639    0.8634   0.8634     0.5450     0.62
 46    0.10  liblinear        1-1      50000       Y     0.8772    0.8610     0.8618    0.8610   0.8609     0.4818     0.28
 47    0.10  liblinear        1-1     100000       Y     0.8778    0.8606     0.8614    0.8606   0.8605     0.4833     0.27
 48    0.10  liblinear        1-1     200000       Y     0.8778    0.8606     0.8614    0.8606   0.8605     0.4833     0.27
 49    0.10  liblinear        1-2      50000       Y     0.8872    0.8662     0.8667    0.8662   0.8662     0.5073     0.42
 50    0.10  liblinear        1-2     100000       Y     0.8879    0.8624     0.8630    0.8624   0.8623     0.5230     0.42
 51    0.10  liblinear        1-2     200000       Y     0.8887    0.8588     0.8593    0.8588   0.8587     0.5360     0.46
 52    0.10  liblinear        1-3      50000       Y     0.8908    0.8674     0.8678    0.8674   0.8674     0.5102     0.46
 53    0.10  liblinear        1-3     100000       Y     0.8920    0.8648     0.8652    0.8648   0.8648     0.5286     0.45
 54    0.10  liblinear        1-3     200000       Y     0.8940    0.8634     0.8638    0.8634   0.8634     0.5451     0.52
 55    0.20  lbfgs            1-1      50000       Y     0.8942    0.8732     0.8737    0.8732   0.8732     0.4206     0.31
 56    0.20  lbfgs            1-1     100000       Y     0.8944    0.8740     0.8745    0.8740   0.8740     0.4220     0.34
 57    0.20  lbfgs            1-1     200000       Y     0.8944    0.8740     0.8745    0.8740   0.8740     0.4220     0.36
 58    0.20  lbfgs            1-2      50000       Y     0.9049    0.8788     0.8791    0.8788   0.8788     0.4422     0.28
 59    0.20  lbfgs            1-2     100000       Y     0.9064    0.8776     0.8779    0.8776   0.8776     0.4587     0.23
 60    0.20  lbfgs            1-2     200000       Y     0.9067    0.8758     0.8760    0.8758   0.8758     0.4718     0.71
 61    0.20  lbfgs            1-3      50000       Y     0.9071    0.8796     0.8798    0.8796   0.8796     0.4453     0.36
 62    0.20  lbfgs            1-3     100000       Y     0.9084    0.8788     0.8791    0.8788   0.8788     0.4640     0.53
 63    0.20  lbfgs            1-3     200000       Y     0.9074    0.8740     0.8743    0.8740   0.8740     0.4805     0.44
 64    0.20  liblinear        1-1      50000       Y     0.8942    0.8736     0.8741    0.8736   0.8736     0.4207     0.33
 65    0.20  liblinear        1-1     100000       Y     0.8946    0.8740     0.8745    0.8740   0.8740     0.4221     0.33
 66    0.20  liblinear        1-1     200000       Y     0.8946    0.8740     0.8745    0.8740   0.8740     0.4221     0.33
 67    0.20  liblinear        1-2      50000       Y     0.9049    0.8788     0.8791    0.8788   0.8788     0.4427     0.46
 68    0.20  liblinear        1-2     100000       Y     0.9062    0.8770     0.8773    0.8770   0.8770     0.4585     0.52
 69    0.20  liblinear        1-2     200000       Y     0.9065    0.8754     0.8757    0.8754   0.8754     0.4721     0.55
 70    0.20  liblinear        1-3      50000       Y     0.9075    0.8798     0.8800    0.8798   0.8798     0.4454     0.47
 71    0.20  liblinear        1-3     100000       Y     0.9083    0.8784     0.8787    0.8784   0.8784     0.4640     0.56
 72    0.20  liblinear        1-3     200000       Y     0.9102    0.8762     0.8764    0.8762   0.8762     0.4814     0.62
 73    0.30  lbfgs            1-1      50000       Y     0.9042    0.8788     0.8792    0.8788   0.8788     0.3873     0.11
 74    0.30  lbfgs            1-1     100000       Y     0.9042    0.8782     0.8786    0.8782   0.8782     0.3877     0.18
 75    0.30  lbfgs            1-1     200000       Y     0.9042    0.8782     0.8786    0.8782   0.8782     0.3877     0.18
 76    0.30  lbfgs            1-2      50000       Y     0.9156    0.8866     0.8868    0.8866   0.8866     0.4058     0.38
 77    0.30  lbfgs            1-2     100000       Y     0.9175    0.8830     0.8832    0.8830   0.8830     0.4210     0.68
 78    0.30  lbfgs            1-2     200000       Y     0.9192    0.8814     0.8816    0.8814   0.8814     0.4342     0.85
 79    0.30  lbfgs            1-3      50000       Y     0.9171    0.8842     0.8843    0.8842   0.8842     0.4087     0.48
 80    0.30  lbfgs            1-3     100000       Y     0.9184    0.8834     0.8836    0.8834   0.8834     0.4258     0.42
 81    0.30  lbfgs            1-3     200000       Y     0.9211    0.8826     0.8828    0.8826   0.8826     0.4428     0.65
 82    0.30  liblinear        1-1      50000       Y     0.9049    0.8786     0.8790    0.8786   0.8786     0.3877     0.33
 83    0.30  liblinear        1-1     100000       Y     0.9051    0.8788     0.8792    0.8788   0.8788     0.3889     0.33
 84    0.30  liblinear        1-1     200000       Y     0.9051    0.8788     0.8792    0.8788   0.8788     0.3889     0.34
 85    0.30  liblinear        1-2      50000       Y     0.9160    0.8848     0.8850    0.8848   0.8848     0.4062     0.45
 86    0.30  liblinear        1-2     100000       Y     0.9178    0.8824     0.8826    0.8824   0.8824     0.4212     0.50
 87    0.30  liblinear        1-2     200000       Y     0.9194    0.8820     0.8822    0.8820   0.8820     0.4343     0.56
 88    0.30  liblinear        1-3      50000       Y     0.9171    0.8848     0.8849    0.8848   0.8848     0.4087     0.57
 89    0.30  liblinear        1-3     100000       Y     0.9195    0.8820     0.8822    0.8820   0.8820     0.4264     0.55
 90    0.30  liblinear        1-3     200000       Y     0.9221    0.8806     0.8808    0.8806   0.8806     0.4433     0.63
 91    0.50  lbfgs            1-1      50000       Y     0.9186    0.8864     0.8867    0.8864   0.8864     0.3500     0.23
 92    0.50  lbfgs            1-1     100000       Y     0.9188    0.8866     0.8869    0.8866   0.8866     0.3515     0.34
 93    0.50  lbfgs            1-1     200000       Y     0.9188    0.8866     0.8869    0.8866   0.8866     0.3515     0.33
 94    0.50  lbfgs            1-2      50000       Y     0.9291    0.8934     0.8936    0.8934   0.8934     0.3638     0.51
 95    0.50  lbfgs            1-2     100000       Y     0.9320    0.8928     0.8930    0.8928   0.8928     0.3765     0.70
 96    0.50  lbfgs            1-2     200000       Y     0.9349    0.8894     0.8896    0.8894   0.8894     0.3891     0.97
 97    0.50  lbfgs            1-3      50000       Y     0.9277    0.8932     0.8934    0.8932   0.8932     0.3649     0.31
 98    0.50  lbfgs            1-3     100000       Y     0.9340    0.8912     0.8914    0.8912   0.8912     0.3807     0.54
 99    0.50  lbfgs            1-3     200000       Y     0.9356    0.8892     0.8893    0.8892   0.8892     0.3961     0.64
100    0.50  liblinear        1-1      50000       Y     0.9186    0.8854     0.8857    0.8854   0.8854     0.3506     0.35
101    0.50  liblinear        1-1     100000       Y     0.9194    0.8856     0.8859    0.8856   0.8856     0.3517     0.36
102    0.50  liblinear        1-1     200000       Y     0.9194    0.8856     0.8859    0.8856   0.8856     0.3517     0.36
103    0.50  liblinear        1-2      50000       Y     0.9294    0.8940     0.8943    0.8940   0.8940     0.3639     0.55
104    0.50  liblinear        1-2     100000       Y     0.9323    0.8920     0.8922    0.8920   0.8920     0.3772     0.61
105    0.50  liblinear        1-2     200000       Y     0.9349    0.8894     0.8896    0.8894   0.8894     0.3891     0.68
106    0.50  liblinear        1-3      50000       Y     0.9304    0.8932     0.8934    0.8932   0.8932     0.3660     0.58
107    0.50  liblinear        1-3     100000       Y     0.9345    0.8904     0.8905    0.8904   0.8904     0.3818     0.67
108    0.50  liblinear        1-3     200000       Y     0.9376    0.8876     0.8877    0.8876   0.8876     0.3972     0.77
109    0.70  lbfgs            1-1      50000       Y     0.9272    0.8898     0.8901    0.8898   0.8898     0.3287     0.26
110    0.70  lbfgs            1-1     100000       Y     0.9277    0.8898     0.8901    0.8898   0.8898     0.3301     0.35
111    0.70  lbfgs            1-1     200000       Y     0.9277    0.8898     0.8901    0.8898   0.8898     0.3301     0.35
112    0.70  lbfgs            1-2      50000       Y     0.9386    0.8986     0.8987    0.8986   0.8986     0.3391     0.21
113    0.70  lbfgs            1-2     100000       Y     0.9431    0.8970     0.8972    0.8970   0.8970     0.3504     0.25
114    0.70  lbfgs            1-2     200000       Y     0.9460    0.8946     0.8947    0.8946   0.8946     0.3614     0.53
115    0.70  lbfgs            1-3      50000       Y     0.9394    0.8978     0.8979    0.8978   0.8978     0.3396     0.32
116    0.70  lbfgs            1-3     100000       Y     0.9439    0.8962     0.8963    0.8962   0.8962     0.3550     0.62
117    0.70  lbfgs            1-3     200000       Y     0.9477    0.8914     0.8915    0.8914   0.8914     0.3692     0.71
118    0.70  liblinear        1-1      50000       Y     0.9278    0.8894     0.8897    0.8894   0.8894     0.3293     0.36
119    0.70  liblinear        1-1     100000       Y     0.9284    0.8894     0.8897    0.8894   0.8894     0.3302     0.37
120    0.70  liblinear        1-1     200000       Y     0.9284    0.8894     0.8897    0.8894   0.8894     0.3302     0.36
121    0.70  liblinear        1-2      50000       Y     0.9389    0.8984     0.8985    0.8984   0.8984     0.3389     0.64
122    0.70  liblinear        1-2     100000       Y     0.9436    0.8976     0.8977    0.8976   0.8976     0.3509     0.62
123    0.70  liblinear        1-2     200000       Y     0.9465    0.8944     0.8945    0.8944   0.8944     0.3618     0.69
124    0.70  liblinear        1-3      50000       Y     0.9399    0.8970     0.8971    0.8970   0.8970     0.3408     0.61
125    0.70  liblinear        1-3     100000       Y     0.9437    0.8966     0.8967    0.8966   0.8966     0.3551     0.68
126    0.70  liblinear        1-3     200000       Y     0.9479    0.8914     0.8915    0.8914   0.8914     0.3692     0.77
127    1.00  lbfgs            1-1      50000       Y     0.9381    0.8930     0.8932    0.8930   0.8930     0.3093     0.30
128    1.00  lbfgs            1-1     100000       Y     0.9382    0.8928     0.8930    0.8928   0.8928     0.3103     0.29
129    1.00  lbfgs            1-1     200000       Y     0.9382    0.8928     0.8930    0.8928   0.8928     0.3103     0.29
130    1.00  lbfgs            1-2      50000       Y     0.9481    0.9016     0.9017    0.9016   0.9016     0.3170     0.30
131    1.00  lbfgs            1-2     100000       Y     0.9535    0.9006     0.9007    0.9006   0.9006     0.3238     0.29
132    1.00  lbfgs            1-2     200000       Y     0.9563    0.8986     0.8987    0.8986   0.8986     0.3353     0.28
133    1.00  lbfgs            1-3      50000       Y     0.9492    0.8996     0.8997    0.8996   0.8996     0.3167     0.62
134    1.00  lbfgs            1-3     100000       Y     0.9551    0.9012     0.9013    0.9012   0.9012     0.3294     0.92
135    1.00  lbfgs            1-3     200000       Y     0.9583    0.8992     0.8993    0.8992   0.8992     0.3412     0.89
136    1.00  liblinear        1-1      50000       Y     0.9381    0.8928     0.8930    0.8928   0.8928     0.3095     0.43
137    1.00  liblinear        1-1     100000       Y     0.9388    0.8920     0.8922    0.8920   0.8920     0.3104     0.46
138    1.00  liblinear        1-1     200000       Y     0.9388    0.8920     0.8922    0.8920   0.8920     0.3104     0.46
139    1.00  liblinear        1-2      50000       Y     0.9498    0.9014     0.9015    0.9014   0.9014     0.3152     0.59
140    1.00  liblinear        1-2     100000       Y     0.9544    0.9002     0.9003    0.9002   0.9002     0.3258     0.64
141    1.00  liblinear        1-2     200000       Y     0.9580    0.8972     0.8973    0.8972   0.8972     0.3356     0.71
142    1.00  liblinear        1-3      50000       Y     0.9498    0.9004     0.9005    0.9004   0.9004     0.3169     0.73
143    1.00  liblinear        1-3     100000       Y     0.9553    0.9010     0.9011    0.9010   0.9010     0.3295     0.71
144    1.00  liblinear        1-3     200000       Y     0.9591    0.8976     0.8977    0.8976   0.8976     0.3421     0.82
145    2.00  lbfgs            1-1      50000       Y     0.9581    0.8976     0.8977    0.8976   0.8976     0.2787     0.45
146    2.00  lbfgs            1-1     100000       Y     0.9576    0.8986     0.8988    0.8986   0.8986     0.2800     0.39
147    2.00  lbfgs            1-1     200000       Y     0.9576    0.8986     0.8988    0.8986   0.8986     0.2800     0.39
148    2.00  lbfgs            1-2      50000       Y     0.9691    0.9046     0.9047    0.9046   0.9046     0.2777     0.72
149    2.00  lbfgs            1-2     100000       Y     0.9728    0.9058     0.9059    0.9058   0.9058     0.2843     0.56
150    2.00  lbfgs            1-2     200000       Y     0.9708    0.9040     0.9041    0.9040   0.9040     0.2936     0.74
151    2.00  lbfgs            1-3      50000       Y     0.9692    0.9050     0.9051    0.9050   0.9050     0.2788     0.66
152    2.00  lbfgs            1-3     100000       Y     0.9749    0.9054     0.9055    0.9054   0.9054     0.2882     1.09
153    2.00  lbfgs            1-3     200000       Y     0.9758    0.9046     0.9047    0.9046   0.9046     0.2956     1.06
154    2.00  liblinear        1-1      50000       Y     0.9570    0.8982     0.8983    0.8982   0.8982     0.2794     0.50
155    2.00  liblinear        1-1     100000       Y     0.9584    0.8980     0.8981    0.8980   0.8980     0.2800     0.52
156    2.00  liblinear        1-1     200000       Y     0.9584    0.8980     0.8981    0.8980   0.8980     0.2800     0.51
157    2.00  liblinear        1-2      50000       Y     0.9694    0.9056     0.9057    0.9056   0.9056     0.2777     0.82
158    2.00  liblinear        1-2     100000       Y     0.9741    0.9058     0.9059    0.9058   0.9058     0.2853     1.59
159    2.00  liblinear        1-2     200000       Y     0.9776    0.9040     0.9041    0.9040   0.9040     0.2929     0.90
160    2.00  liblinear        1-3      50000       Y     0.9696    0.9052     0.9053    0.9052   0.9052     0.2789     0.78
161    2.00  liblinear        1-3     100000       Y     0.9750    0.9050     0.9051    0.9050   0.9050     0.2882     0.89
162    2.00  liblinear        1-3     200000       Y     0.9790    0.9052     0.9053    0.9052   0.9052     0.2978     1.03
163    5.00  lbfgs            1-1      50000       Y     0.9766    0.9006     0.9007    0.9006   0.9006     0.2549     0.37
164    5.00  lbfgs            1-1     100000       Y     0.9786    0.9002     0.9004    0.9002   0.9002     0.2553     0.57
165    5.00  lbfgs            1-1     200000       Y     0.9786    0.9002     0.9004    0.9002   0.9002     0.2553     0.57
166    5.00  lbfgs            1-2      50000       Y     0.9864    0.9090     0.9091    0.9090   0.9090     0.2425     0.36
167    5.00  lbfgs            1-2     100000       Y     0.9936    0.9094     0.9095    0.9094   0.9094     0.2482     0.31
168    5.00  lbfgs            1-2     200000       Y     0.9948    0.9092     0.9093    0.9092   0.9092     0.2527     0.84
169    5.00  lbfgs            1-3      50000       Y     0.9869    0.9076     0.9076    0.9076   0.9076     0.2442     0.42
170    5.00  lbfgs            1-3     100000       Y     0.9941    0.9082     0.9082    0.9082   0.9082     0.2500     0.73
171    5.00  lbfgs            1-3     200000       Y     0.9952    0.9090     0.9091    0.9090   0.9090     0.2554     0.84
172    5.00  liblinear        1-1      50000       Y     0.9791    0.8994     0.8996    0.8994   0.8994     0.2557     0.62
173    5.00  liblinear        1-1     100000       Y     0.9804    0.8996     0.8998    0.8996   0.8996     0.2560     0.75
174    5.00  liblinear        1-1     200000       Y     0.9804    0.8996     0.8998    0.8996   0.8996     0.2560     0.71
175    5.00  liblinear        1-2      50000       Y     0.9901    0.9084     0.9085    0.9084   0.9084     0.2447     0.91
176    5.00  liblinear        1-2     100000       Y     0.9935    0.9082     0.9083    0.9082   0.9082     0.2483     1.07
177    5.00  liblinear        1-2     200000       Y     0.9951    0.9086     0.9087    0.9086   0.9086     0.2531     1.16
178    5.00  liblinear        1-3      50000       Y     0.9898    0.9076     0.9076    0.9076   0.9076     0.2453     0.96
179    5.00  liblinear        1-3     100000       Y     0.9939    0.9070     0.9070    0.9070   0.9070     0.2505     1.14
180    5.00  liblinear        1-3     200000       Y     0.9954    0.9084     0.9085    0.9084   0.9084     0.2562     1.21
181   10.00  lbfgs            1-1      50000       Y     0.9909    0.8982     0.8983    0.8982   0.8982     0.2494     0.49
182   10.00  lbfgs            1-1     100000       Y     0.9890    0.9006     0.9007    0.9006   0.9006     0.2496     0.61
183   10.00  lbfgs            1-1     200000       Y     0.9890    0.9006     0.9007    0.9006   0.9006     0.2496     0.61
184   10.00  lbfgs            1-2      50000       Y     0.9961    0.9118     0.9118    0.9118   0.9118     0.2264     0.34
185   10.00  lbfgs            1-2     100000       Y     0.9990    0.9116     0.9116    0.9116   0.9116     0.2308     0.44
186   10.00  lbfgs            1-2     200000       Y     0.9990    0.9084     0.9085    0.9084   0.9084     0.2323     0.66
187   10.00  lbfgs            1-3      50000       Y     0.9979    0.9094     0.9094    0.9094   0.9094     0.2304     0.62
188   10.00  lbfgs            1-3     100000       Y     0.9986    0.9086     0.9086    0.9086   0.9086     0.2305     0.67
189   10.00  lbfgs            1-3     200000       Y     0.9990    0.9106     0.9106    0.9106   0.9106     0.2375     1.42
190   10.00  liblinear        1-1      50000       Y     0.9909    0.8974     0.8975    0.8974   0.8974     0.2494     0.79
191   10.00  liblinear        1-1     100000       Y     0.9922    0.8984     0.8985    0.8984   0.8984     0.2492     0.84
192   10.00  liblinear        1-1     200000       Y     0.9922    0.8984     0.8985    0.8984   0.8984     0.2492     0.80
193   10.00  liblinear        1-2      50000       Y     0.9977    0.9108     0.9108    0.9108   0.9108     0.2308     1.19
194   10.00  liblinear        1-2     100000       Y     0.9987    0.9104     0.9104    0.9104   0.9104     0.2312     1.33
195   10.00  liblinear        1-2     200000       Y     0.9992    0.9090     0.9090    0.9090   0.9090     0.2340     1.26
196   10.00  liblinear        1-3      50000       Y     0.9977    0.9098     0.9098    0.9098   0.9098     0.2311     1.09
197   10.00  liblinear        1-3     100000       Y     0.9989    0.9076     0.9076    0.9076   0.9076     0.2331     1.38
198   10.00  liblinear        1-3     200000       Y     0.9994    0.9090     0.9090    0.9090   0.9090     0.2360     1.46

=========================================================================================================================
TOP 10 BY VALIDATION ACCURACY
=========================================================================================================================
  #1  C=10.0    solver=lbfgs        ngram=1-2  max_feat=50000  val_acc=0.9118  val_f1=0.9118  val_loss=0.2264
  #2  C=10.0    solver=lbfgs        ngram=1-2  max_feat=100000  val_acc=0.9116  val_f1=0.9116  val_loss=0.2308
  #3  C=10.0    solver=liblinear    ngram=1-2  max_feat=50000  val_acc=0.9108  val_f1=0.9108  val_loss=0.2308
  #4  C=10.0    solver=lbfgs        ngram=1-3  max_feat=200000  val_acc=0.9106  val_f1=0.9106  val_loss=0.2375
  #5  C=10.0    solver=liblinear    ngram=1-2  max_feat=100000  val_acc=0.9104  val_f1=0.9104  val_loss=0.2312
  #6  C=10.0    solver=liblinear    ngram=1-3  max_feat=50000  val_acc=0.9098  val_f1=0.9098  val_loss=0.2311
  #7  C=5.0     solver=lbfgs        ngram=1-2  max_feat=100000  val_acc=0.9094  val_f1=0.9094  val_loss=0.2482
  #8  C=10.0    solver=lbfgs        ngram=1-3  max_feat=50000  val_acc=0.9094  val_f1=0.9094  val_loss=0.2304
  #9  C=5.0     solver=lbfgs        ngram=1-2  max_feat=200000  val_acc=0.9092  val_f1=0.9092  val_loss=0.2527
  #10  C=5.0     solver=lbfgs        ngram=1-2  max_feat=50000  val_acc=0.9090  val_f1=0.9090  val_loss=0.2425

=========================================================================================================================
TOP 10 BY VALIDATION F1 (MACRO)
=========================================================================================================================
  #1  C=10.0    solver=lbfgs        ngram=1-2  max_feat=50000  val_acc=0.9118  val_f1=0.9118  val_loss=0.2264
  #2  C=10.0    solver=lbfgs        ngram=1-2  max_feat=100000  val_acc=0.9116  val_f1=0.9116  val_loss=0.2308
  #3  C=10.0    solver=liblinear    ngram=1-2  max_feat=50000  val_acc=0.9108  val_f1=0.9108  val_loss=0.2308
  #4  C=10.0    solver=lbfgs        ngram=1-3  max_feat=200000  val_acc=0.9106  val_f1=0.9106  val_loss=0.2375
  #5  C=10.0    solver=liblinear    ngram=1-2  max_feat=100000  val_acc=0.9104  val_f1=0.9104  val_loss=0.2312
  #6  C=10.0    solver=liblinear    ngram=1-3  max_feat=50000  val_acc=0.9098  val_f1=0.9098  val_loss=0.2311
  #7  C=5.0     solver=lbfgs        ngram=1-2  max_feat=100000  val_acc=0.9094  val_f1=0.9094  val_loss=0.2482
  #8  C=10.0    solver=lbfgs        ngram=1-3  max_feat=50000  val_acc=0.9094  val_f1=0.9094  val_loss=0.2304
  #9  C=5.0     solver=lbfgs        ngram=1-2  max_feat=200000  val_acc=0.9092  val_f1=0.9092  val_loss=0.2527
  #10  C=5.0     solver=lbfgs        ngram=1-2  max_feat=50000  val_acc=0.9090  val_f1=0.9090  val_loss=0.2425
